0.0
0.8258049231741161
0.5397986813005106
0.7206010972409954
0.4470730844992171
0.6790645054714015
0.8955601493320169
0.44559808318486205
0.7787907226169728
0.9091178077203205
0.8567105615602354
0.8106073609101832
0.9107473912813179
0.8399441312510754
0.8889078731547294
0.8016079158936302
0.6652213412619755
0.8826819962878945
0.7613230152806694
0.6781745959105969
0.7873428496152729
0.849107037950887
0.8131747839367215
0.471755863442905
0.6276614084992673
0.46616069955452893
0.5398587894514514
0.5918769547148794
0.8302021191345383
0.7196285753016132
0.8058468813992692
0.856124474814165
0.5240106177606177
0.6449304031938999
0.7442976740697685
0.8879981898697352
0.8899287216040203
0.8877335213253437
0.8627862996427821
0.8879552971629312
0.8891077450088316
0.7195235031413216
0.8858283138095414
0.7455789761839584
0.8012840957941009
0.8065863388423024
0.9453353364795793
0.9233399142870901
0.8689173965185158
0.8806664827321473
0.764884335568944
0.799685465584083
0.8006806916558167
0.8884595952090826
0.7614898293105619
0.9114486967247704
0.7741478672052015
0.7354288186415646
0.9325458473955822
0.47343993924306993
0.6968002752451402
0.6322904596369254
0.7746030472062817
0.5125452197885284
0.8583867207246242
0.8550168955434448
0.873090061889856
0.9304389586161675
0.9285096008563687
0.6119202078932117 